[[8240   70   20   23   19   14   20   11   20   19   18   15   38   21
     9   24]
 [ 100  810    6    7    3    7   10   14    0    7    3    9    0    1
    12    1]
 [  12    4  582    4    2    1    2    3    2    3    1    1    5    3
     3    2]
 [  32    7    4  315    1    3    1    6    0    5    3    4    4    4
     4    2]
 [  15    2    1    3  369    1    0    5    2    5    0    3    2    2
    15    0]
 [  16    9    0    6    1  960    5    3    3    1    1    1    5    5
     4    3]
 [  30   13    1    3    1    2  664    0    2    1    1    3    6    3
     2    4]
 [  14    8    1    3    0    6    5 1264    6    0    5    6    7    4
     5    6]
 [  31   11    0    3    0    0    6    3  426    3    2    2    4    4
     2    2]
 [  19    6    0    4    2    4    2    5    2  581    1    3    6    1
     6    2]
 [  15    4    1    3    0    2    1    3    2    1  379    2    1    1
     4    1]
 [  18    8    0    6    1    4    3    3    3    1    0 1049    4    3
     4    3]
 [  70    8    3    4    2    6   17    7    1    8    1    4  374    6
     6    3]
 [  39    1    2    4    0    4    0    3    2    0    0    1    8  794
     1    5]
 [  23   11    2    5    0    2    5    2    4    2    2    3    5    0
  1016    3]
 [  57    1    2    4    1    2    3    7    2    1    0    3    4    3
     1  547]]